name		fast@-40C, 1.32, -40.0	fast@0C, 1.32, .0	typical, 1.20, 25.0	slow, 1.08, 125.0
S		N		N		N		N
# RF1SH16x24 words=16 bits=24 mux=2 drive=4 pipeline=No frequency=100.000 ring width=2
geomx     	98.695    	98.695    	98.695    	98.695    
geomy     	83.805    	83.805    	83.805    	83.805    
ring_size 	5.200     	5.200     	5.200     	5.200     
icc       	1.103     	1.114     	0.943     	0.799     
icc_r     	1.092     	1.101     	0.931     	0.786     
icc_w     	1.113     	1.127     	0.954     	0.812     
icc_peak  	42.414    	41.864    	26.197    	14.852    
icc_desel 	0.097     	0.102     	0.084     	0.073     
icc_standby	0.001     	0.003     	0.001     	0.004     
tcyc      	0.884     	0.926     	1.303     	2.073     
ta        	0.683     	0.714     	1.050     	1.634     
tas       	0.108     	0.117     	0.176     	0.318     
tah       	0.000     	0.000     	0.000     	0.000     
tcs       	0.164     	0.175     	0.252     	0.410     
tch       	0.000     	0.000     	0.000     	0.000     
tws       	0.233     	0.241     	0.310     	0.461     
twh       	0.000     	0.000     	0.000     	0.000     
tds       	0.137     	0.144     	0.193     	0.318     
tdh       	0.003     	0.001     	0.000     	0.000     
tckh      	0.046     	0.048     	0.065     	0.102     
tckl      	0.117     	0.130     	0.204     	0.370     
tckr      	4.000     	4.000     	4.000     	4.000     
load_q    	0.857     	0.882     	1.230     	1.885     
icap_a    	0.007     	0.007     	0.008     	0.008     
icap_d    	0.002     	0.002     	0.002     	0.002     
icap_clk  	0.061     	0.061     	0.061     	0.058     
icap_cen  	0.003     	0.003     	0.004     	0.004     
icap_wen  	0.008     	0.008     	0.008     	0.008     
pwn_ck    	10.000    	10.000    	10.000    	10.000    
vn_ck     	0.508     	0.496     	0.494     	0.472     
vn_pwr    	0.132     	0.132     	0.120     	0.108     
vn_gnd    	0.132     	0.132     	0.120     	0.108     
