D8000000 6 00 0000000100000000 0 0 0 0
D8000008 6 00 0000000300000002 0 0 0 0
D8000010 6 00 0000000500000004 0 0 0 0
D8000008 6 00 0000000700000006 0 0 0 5
D8000020 6 00 0000000900000008 0 0 0 0
D8000028 6 00 0000000B0000000A 0 0 0 0
D8000030 6 00 0000000D0000000C 0 0 0 0
D8000038 6 00 0000000F0000000E 0 0 0 5
D8000000 6 00 0000001100000010 0 0 0 2
D8000000 6 00 0000001300000012 0 0 0 5
D8000020 6 00 0000001500000014 0 0 0 1
D8000020 6 00 0000001700000016 0 0 0 0
D8000020 6 00 0000001900000018 0 0 0 0
D8000020 6 00 0000001B0000001A 0 0 0 0
D8000020 6 00 0000001D0000001C 0 0 0 0
D8000020 6 00 0000001F0000001E 0 0 0 0
