0 1 512
1 2 512
2 4 512
3 5 512
4 7 512
5 9 512
6 10 512
7 12 512
8 13 512
9 15 512
10 16 512
11 18 512
12 20 512
13 21 512
14 23 511
15 24 511
16 26 511
17 27 511
18 29 511
19 31 511
20 32 511
21 34 511
22 35 511
23 37 511
24 38 511
25 40 510
26 42 510
27 43 510
28 45 510
29 46 510
30 48 510
31 49 510
32 51 509
33 53 509
34 54 509
35 56 509
36 57 509
37 59 509
38 60 508
39 62 508
40 63 508
41 65 508
42 67 508
43 68 507
44 70 507
45 71 507
46 73 507
47 74 507
48 76 506
49 77 506
50 79 506
51 81 506
52 82 505
53 84 505
54 85 505
55 87 505
56 88 504
57 90 504
58 91 504
59 93 503
60 94 503
61 96 503
62 98 503
63 99 502
64 101 502
65 102 502
66 104 501
67 105 501
68 107 501
69 108 500
70 110 500
71 111 500
72 113 499
73 114 499
74 116 499
75 118 498
76 119 498
77 121 498
78 122 497
79 124 497
80 125 496
81 127 496
82 128 496
83 130 495
84 131 495
85 133 494
86 134 494
87 136 494
88 137 493
89 139 493
90 140 492
91 142 492
92 143 492
93 145 491
94 146 491
95 148 490
96 149 490
97 151 489
98 152 489
99 154 488
100 155 488
101 157 487
102 158 487
103 160 486
104 161 486
105 163 485
106 164 485
107 166 484
108 167 484
109 169 483
110 170 483
111 172 482
112 173 482
113 175 481
114 176 481
115 178 480
116 179 480
117 181 479
118 182 479
119 184 478
120 185 477
121 186 477
122 188 476
123 189 476
124 191 475
125 192 475
126 194 474
127 195 473
128 197 473
129 198 472
130 200 472
131 201 471
132 202 470
133 204 470
134 205 469
135 207 468
136 208 468
137 210 467
138 211 466
139 212 466
140 214 465
141 215 465
142 217 464
143 218 463
144 220 463
145 221 462
146 222 461
147 224 460
148 225 460
149 227 459
150 228 458
151 229 458
152 231 457
153 232 456
154 234 456
155 235 455
156 236 454
157 238 453
158 239 453
159 241 452
160 242 451
161 243 450
162 245 450
163 246 449
164 248 448
165 249 447
166 250 447
167 252 446
168 253 445
169 254 444
170 256 444
171 257 443
172 258 442
173 260 441
174 261 440
175 263 440
176 264 439
177 265 438
178 267 437
179 268 436
180 269 435
181 271 435
182 272 434
183 273 433
184 275 432
185 276 431
186 277 430
187 279 430
188 280 429
189 281 428
190 282 427
191 284 426
192 285 425
193 286 424
194 288 424
195 289 423
196 290 422
197 292 421
198 293 420
199 294 419
200 295 418
201 297 417
202 298 416
203 299 415
204 301 414
205 302 414
206 303 413
207 304 412
208 306 411
209 307 410
210 308 409
211 309 408
212 311 407
213 312 406
214 313 405
215 314 404
216 316 403
217 317 402
218 318 401
219 319 400
220 321 399
221 322 398
222 323 397
223 324 396
224 325 395
225 327 394
226 328 393
227 329 392
228 330 391
229 331 390
230 333 389
231 334 388
232 335 387
233 336 386
234 337 385
235 339 384
236 340 383
237 341 382
238 342 381
239 343 380
240 344 379
241 346 378
242 347 377
243 348 376
244 349 375
245 350 374
246 351 372
247 352 371
248 354 370
249 355 369
250 356 368
251 357 367
252 358 366
253 359 365
254 360 364
255 361 363
256 363 361
257 364 360
258 365 359
259 366 358
260 367 357
261 368 356
262 369 355
263 370 354
264 371 352
265 372 351
266 374 350
267 375 349
268 376 348
269 377 347
270 378 346
271 379 344
272 380 343
273 381 342
274 382 341
275 383 340
276 384 339
277 385 337
278 386 336
279 387 335
280 388 334
281 389 333
282 390 331
283 391 330
284 392 329
285 393 328
286 394 327
287 395 325
288 396 324
289 397 323
290 398 322
291 399 321
292 400 319
293 401 318
294 402 317
295 403 316
296 404 314
297 405 313
298 406 312
299 407 311
300 408 309
301 409 308
302 410 307
303 411 306
304 412 304
305 413 303
306 414 302
307 414 301
308 415 299
309 416 298
310 417 297
311 418 295
312 419 294
313 420 293
314 421 292
315 422 290
316 423 289
317 424 288
318 424 286
319 425 285
320 426 284
321 427 282
322 428 281
323 429 280
324 430 279
325 430 277
326 431 276
327 432 275
328 433 273
329 434 272
330 435 271
331 435 269
332 436 268
333 437 267
334 438 265
335 439 264
336 440 263
337 440 261
338 441 260
339 442 258
340 443 257
341 444 256
342 444 254
343 445 253
344 446 252
345 447 250
346 447 249
347 448 248
348 449 246
349 450 245
350 450 243
351 451 242
352 452 241
353 453 239
354 453 238
355 454 236
356 455 235
357 456 234
358 456 232
359 457 231
360 458 229
361 458 228
362 459 227
363 460 225
364 460 224
365 461 222
366 462 221
367 463 220
368 463 218
369 464 217
370 465 215
371 465 214
372 466 212
373 466 211
374 467 210
375 468 208
376 468 207
377 469 205
378 470 204
379 470 202
380 471 201
381 472 200
382 472 198
383 473 197
384 473 195
385 474 194
386 475 192
387 475 191
388 476 189
389 476 188
390 477 186
391 477 185
392 478 184
393 479 182
394 479 181
395 480 179
396 480 178
397 481 176
398 481 175
399 482 173
400 482 172
401 483 170
402 483 169
403 484 167
404 484 166
405 485 164
406 485 163
407 486 161
408 486 160
409 487 158
410 487 157
411 488 155
412 488 154
413 489 152
414 489 151
415 490 149
416 490 148
417 491 146
418 491 145
419 492 143
420 492 142
421 492 140
422 493 139
423 493 137
424 494 136
425 494 134
426 494 133
427 495 131
428 495 130
429 496 128
430 496 127
431 496 125
432 497 124
433 497 122
434 498 121
435 498 119
436 498 118
437 499 116
438 499 114
439 499 113
440 500 111
441 500 110
442 500 108
443 501 107
444 501 105
445 501 104
446 502 102
447 502 101
448 502 99
449 503 98
450 503 96
451 503 94
452 503 93
453 504 91
454 504 90
455 504 88
456 505 87
457 505 85
458 505 84
459 505 82
460 506 81
461 506 79
462 506 77
463 506 76
464 507 74
465 507 73
466 507 71
467 507 70
468 507 68
469 508 67
470 508 65
471 508 63
472 508 62
473 508 60
474 509 59
475 509 57
476 509 56
477 509 54
478 509 53
479 509 51
480 510 49
481 510 48
482 510 46
483 510 45
484 510 43
485 510 42
486 510 40
487 511 38
488 511 37
489 511 35
490 511 34
491 511 32
492 511 31
493 511 29
494 511 27
495 511 26
496 511 24
497 511 23
498 512 21
499 512 20
500 512 18
501 512 16
502 512 15
503 512 13
504 512 12
505 512 10
506 512 9
507 512 7
508 512 5
509 512 4
510 512 2
511 512 1
512 512 0
513 512 -1
514 512 -3
515 512 -4
516 512 -6
517 512 -8
518 512 -9
519 512 -11
520 512 -12
521 512 -14
522 512 -15
523 512 -17
524 512 -19
525 512 -20
526 511 -22
527 511 -23
528 511 -25
529 511 -26
530 511 -28
531 511 -30
532 511 -31
533 511 -33
534 511 -34
535 511 -36
536 511 -37
537 510 -39
538 510 -41
539 510 -42
540 510 -44
541 510 -45
542 510 -47
543 510 -48
544 509 -50
545 509 -52
546 509 -53
547 509 -55
548 509 -56
549 509 -58
550 508 -59
551 508 -61
552 508 -62
553 508 -64
554 508 -66
555 507 -67
556 507 -69
557 507 -70
558 507 -72
559 507 -73
560 506 -75
561 506 -76
562 506 -78
563 506 -80
564 505 -81
565 505 -83
566 505 -84
567 505 -86
568 504 -87
569 504 -89
570 504 -90
571 503 -92
572 503 -93
573 503 -95
574 503 -97
575 502 -98
576 502 -100
577 502 -101
578 501 -103
579 501 -104
580 501 -106
581 500 -107
582 500 -109
583 500 -110
584 499 -112
585 499 -113
586 499 -115
587 498 -117
588 498 -118
589 498 -120
590 497 -121
591 497 -123
592 496 -124
593 496 -126
594 496 -127
595 495 -129
596 495 -130
597 494 -132
598 494 -133
599 494 -135
600 493 -136
601 493 -138
602 492 -139
603 492 -141
604 492 -142
605 491 -144
606 491 -145
607 490 -147
608 490 -148
609 489 -150
610 489 -151
611 488 -153
612 488 -154
613 487 -156
614 487 -157
615 486 -159
616 486 -160
617 485 -162
618 485 -163
619 484 -165
620 484 -166
621 483 -168
622 483 -169
623 482 -171
624 482 -172
625 481 -174
626 481 -175
627 480 -177
628 480 -178
629 479 -180
630 479 -181
631 478 -183
632 477 -184
633 477 -185
634 476 -187
635 476 -188
636 475 -190
637 475 -191
638 474 -193
639 473 -194
640 473 -196
641 472 -197
642 472 -199
643 471 -200
644 470 -201
645 470 -203
646 469 -204
647 468 -206
648 468 -207
649 467 -209
650 466 -210
651 466 -211
652 465 -213
653 465 -214
654 464 -216
655 463 -217
656 463 -219
657 462 -220
658 461 -221
659 460 -223
660 460 -224
661 459 -226
662 458 -227
663 458 -228
664 457 -230
665 456 -231
666 456 -233
667 455 -234
668 454 -235
669 453 -237
670 453 -238
671 452 -240
672 451 -241
673 450 -242
674 450 -244
675 449 -245
676 448 -247
677 447 -248
678 447 -249
679 446 -251
680 445 -252
681 444 -253
682 444 -255
683 443 -256
684 442 -257
685 441 -259
686 440 -260
687 440 -262
688 439 -263
689 438 -264
690 437 -266
691 436 -267
692 435 -268
693 435 -270
694 434 -271
695 433 -272
696 432 -274
697 431 -275
698 430 -276
699 430 -278
700 429 -279
701 428 -280
702 427 -281
703 426 -283
704 425 -284
705 424 -285
706 424 -287
707 423 -288
708 422 -289
709 421 -291
710 420 -292
711 419 -293
712 418 -294
713 417 -296
714 416 -297
715 415 -298
716 414 -300
717 414 -301
718 413 -302
719 412 -303
720 411 -305
721 410 -306
722 409 -307
723 408 -308
724 407 -310
725 406 -311
726 405 -312
727 404 -313
728 403 -315
729 402 -316
730 401 -317
731 400 -318
732 399 -320
733 398 -321
734 397 -322
735 396 -323
736 395 -324
737 394 -326
738 393 -327
739 392 -328
740 391 -329
741 390 -330
742 389 -332
743 388 -333
744 387 -334
745 386 -335
746 385 -336
747 384 -338
748 383 -339
749 382 -340
750 381 -341
751 380 -342
752 379 -343
753 378 -345
754 377 -346
755 376 -347
756 375 -348
757 374 -349
758 372 -350
759 371 -351
760 370 -353
761 369 -354
762 368 -355
763 367 -356
764 366 -357
765 365 -358
766 364 -359
767 363 -360
768 361 -362
769 360 -363
770 359 -364
771 358 -365
772 357 -366
773 356 -367
774 355 -368
775 354 -369
776 352 -370
777 351 -371
778 350 -373
779 349 -374
780 348 -375
781 347 -376
782 346 -377
783 344 -378
784 343 -379
785 342 -380
786 341 -381
787 340 -382
788 339 -383
789 337 -384
790 336 -385
791 335 -386
792 334 -387
793 333 -388
794 331 -389
795 330 -390
796 329 -391
797 328 -392
798 327 -393
799 325 -394
800 324 -395
801 323 -396
802 322 -397
803 321 -398
804 319 -399
805 318 -400
806 317 -401
807 316 -402
808 314 -403
809 313 -404
810 312 -405
811 311 -406
812 309 -407
813 308 -408
814 307 -409
815 306 -410
816 304 -411
817 303 -412
818 302 -413
819 301 -413
820 299 -414
821 298 -415
822 297 -416
823 295 -417
824 294 -418
825 293 -419
826 292 -420
827 290 -421
828 289 -422
829 288 -423
830 286 -423
831 285 -424
832 284 -425
833 282 -426
834 281 -427
835 280 -428
836 279 -429
837 277 -429
838 276 -430
839 275 -431
840 273 -432
841 272 -433
842 271 -434
843 269 -434
844 268 -435
845 267 -436
846 265 -437
847 264 -438
848 263 -439
849 261 -439
850 260 -440
851 258 -441
852 257 -442
853 256 -443
854 254 -443
855 253 -444
856 252 -445
857 250 -446
858 249 -446
859 248 -447
860 246 -448
861 245 -449
862 243 -449
863 242 -450
864 241 -451
865 239 -452
866 238 -452
867 236 -453
868 235 -454
869 234 -455
870 232 -455
871 231 -456
872 229 -457
873 228 -457
874 227 -458
875 225 -459
876 224 -459
877 222 -460
878 221 -461
879 220 -462
880 218 -462
881 217 -463
882 215 -464
883 214 -464
884 212 -465
885 211 -465
886 210 -466
887 208 -467
888 207 -467
889 205 -468
890 204 -469
891 202 -469
892 201 -470
893 200 -471
894 198 -471
895 197 -472
896 195 -472
897 194 -473
898 192 -474
899 191 -474
900 189 -475
901 188 -475
902 186 -476
903 185 -476
904 184 -477
905 182 -478
906 181 -478
907 179 -479
908 178 -479
909 176 -480
910 175 -480
911 173 -481
912 172 -481
913 170 -482
914 169 -482
915 167 -483
916 166 -483
917 164 -484
918 163 -484
919 161 -485
920 160 -485
921 158 -486
922 157 -486
923 155 -487
924 154 -487
925 152 -488
926 151 -488
927 149 -489
928 148 -489
929 146 -490
930 145 -490
931 143 -491
932 142 -491
933 140 -491
934 139 -492
935 137 -492
936 136 -493
937 134 -493
938 133 -493
939 131 -494
940 130 -494
941 128 -495
942 127 -495
943 125 -495
944 124 -496
945 122 -496
946 121 -497
947 119 -497
948 118 -497
949 116 -498
950 114 -498
951 113 -498
952 111 -499
953 110 -499
954 108 -499
955 107 -500
956 105 -500
957 104 -500
958 102 -501
959 101 -501
960 99 -501
961 98 -502
962 96 -502
963 94 -502
964 93 -502
965 91 -503
966 90 -503
967 88 -503
968 87 -504
969 85 -504
970 84 -504
971 82 -504
972 81 -505
973 79 -505
974 77 -505
975 76 -505
976 74 -506
977 73 -506
978 71 -506
979 70 -506
980 68 -506
981 67 -507
982 65 -507
983 63 -507
984 62 -507
985 60 -507
986 59 -508
987 57 -508
988 56 -508
989 54 -508
990 53 -508
991 51 -508
992 49 -509
993 48 -509
994 46 -509
995 45 -509
996 43 -509
997 42 -509
998 40 -509
999 38 -510
1000 37 -510
1001 35 -510
1002 34 -510
1003 32 -510
1004 31 -510
1005 29 -510
1006 27 -510
1007 26 -510
1008 24 -510
1009 23 -510
1010 21 -511
1011 20 -511
1012 18 -511
1013 16 -511
1014 15 -511
1015 13 -511
1016 12 -511
1017 10 -511
1018 9 -511
1019 7 -511
1020 5 -511
1021 4 -511
1022 2 -511
1023 1 -511
1024 0 -511
1025 -1 -511
1026 -3 -511
1027 -4 -511
1028 -6 -511
1029 -8 -511
1030 -9 -511
1031 -11 -511
1032 -12 -511
1033 -14 -511
1034 -15 -511
1035 -17 -511
1036 -19 -511
1037 -20 -511
1038 -22 -510
1039 -23 -510
1040 -25 -510
1041 -26 -510
1042 -28 -510
1043 -30 -510
1044 -31 -510
1045 -33 -510
1046 -34 -510
1047 -36 -510
1048 -37 -510
1049 -39 -509
1050 -41 -509
1051 -42 -509
1052 -44 -509
1053 -45 -509
1054 -47 -509
1055 -48 -509
1056 -50 -508
1057 -52 -508
1058 -53 -508
1059 -55 -508
1060 -56 -508
1061 -58 -508
1062 -59 -507
1063 -61 -507
1064 -62 -507
1065 -64 -507
1066 -66 -507
1067 -67 -506
1068 -69 -506
1069 -70 -506
1070 -72 -506
1071 -73 -506
1072 -75 -505
1073 -76 -505
1074 -78 -505
1075 -80 -505
1076 -81 -504
1077 -83 -504
1078 -84 -504
1079 -86 -504
1080 -87 -503
1081 -89 -503
1082 -90 -503
1083 -92 -502
1084 -93 -502
1085 -95 -502
1086 -97 -502
1087 -98 -501
1088 -100 -501
1089 -101 -501
1090 -103 -500
1091 -104 -500
1092 -106 -500
1093 -107 -499
1094 -109 -499
1095 -110 -499
1096 -112 -498
1097 -113 -498
1098 -115 -498
1099 -117 -497
1100 -118 -497
1101 -120 -497
1102 -121 -496
1103 -123 -496
1104 -124 -495
1105 -126 -495
1106 -127 -495
1107 -129 -494
1108 -130 -494
1109 -132 -493
1110 -133 -493
1111 -135 -493
1112 -136 -492
1113 -138 -492
1114 -139 -491
1115 -141 -491
1116 -142 -491
1117 -144 -490
1118 -145 -490
1119 -147 -489
1120 -148 -489
1121 -150 -488
1122 -151 -488
1123 -153 -487
1124 -154 -487
1125 -156 -486
1126 -157 -486
1127 -159 -485
1128 -160 -485
1129 -162 -484
1130 -163 -484
1131 -165 -483
1132 -166 -483
1133 -168 -482
1134 -169 -482
1135 -171 -481
1136 -172 -481
1137 -174 -480
1138 -175 -480
1139 -177 -479
1140 -178 -479
1141 -180 -478
1142 -181 -478
1143 -183 -477
1144 -184 -476
1145 -185 -476
1146 -187 -475
1147 -188 -475
1148 -190 -474
1149 -191 -474
1150 -193 -473
1151 -194 -472
1152 -196 -472
1153 -197 -471
1154 -199 -471
1155 -200 -470
1156 -201 -469
1157 -203 -469
1158 -204 -468
1159 -206 -467
1160 -207 -467
1161 -209 -466
1162 -210 -465
1163 -211 -465
1164 -213 -464
1165 -214 -464
1166 -216 -463
1167 -217 -462
1168 -219 -462
1169 -220 -461
1170 -221 -460
1171 -223 -459
1172 -224 -459
1173 -226 -458
1174 -227 -457
1175 -228 -457
1176 -230 -456
1177 -231 -455
1178 -233 -455
1179 -234 -454
1180 -235 -453
1181 -237 -452
1182 -238 -452
1183 -240 -451
1184 -241 -450
1185 -242 -449
1186 -244 -449
1187 -245 -448
1188 -247 -447
1189 -248 -446
1190 -249 -446
1191 -251 -445
1192 -252 -444
1193 -253 -443
1194 -255 -443
1195 -256 -442
1196 -257 -441
1197 -259 -440
1198 -260 -439
1199 -262 -439
1200 -263 -438
1201 -264 -437
1202 -266 -436
1203 -267 -435
1204 -268 -434
1205 -270 -434
1206 -271 -433
1207 -272 -432
1208 -274 -431
1209 -275 -430
1210 -276 -429
1211 -278 -429
1212 -279 -428
1213 -280 -427
1214 -281 -426
1215 -283 -425
1216 -284 -424
1217 -285 -423
1218 -287 -423
1219 -288 -422
1220 -289 -421
1221 -291 -420
1222 -292 -419
1223 -293 -418
1224 -294 -417
1225 -296 -416
1226 -297 -415
1227 -298 -414
1228 -300 -413
1229 -301 -413
1230 -302 -412
1231 -303 -411
1232 -305 -410
1233 -306 -409
1234 -307 -408
1235 -308 -407
1236 -310 -406
1237 -311 -405
1238 -312 -404
1239 -313 -403
1240 -315 -402
1241 -316 -401
1242 -317 -400
1243 -318 -399
1244 -320 -398
1245 -321 -397
1246 -322 -396
1247 -323 -395
1248 -324 -394
1249 -326 -393
1250 -327 -392
1251 -328 -391
1252 -329 -390
1253 -330 -389
1254 -332 -388
1255 -333 -387
1256 -334 -386
1257 -335 -385
1258 -336 -384
1259 -338 -383
1260 -339 -382
1261 -340 -381
1262 -341 -380
1263 -342 -379
1264 -343 -378
1265 -345 -377
1266 -346 -376
1267 -347 -375
1268 -348 -374
1269 -349 -373
1270 -350 -371
1271 -351 -370
1272 -353 -369
1273 -354 -368
1274 -355 -367
1275 -356 -366
1276 -357 -365
1277 -358 -364
1278 -359 -363
1279 -360 -362
1280 -362 -360
1281 -363 -359
1282 -364 -358
1283 -365 -357
1284 -366 -356
1285 -367 -355
1286 -368 -354
1287 -369 -353
1288 -370 -351
1289 -371 -350
1290 -373 -349
1291 -374 -348
1292 -375 -347
1293 -376 -346
1294 -377 -345
1295 -378 -343
1296 -379 -342
1297 -380 -341
1298 -381 -340
1299 -382 -339
1300 -383 -338
1301 -384 -336
1302 -385 -335
1303 -386 -334
1304 -387 -333
1305 -388 -332
1306 -389 -330
1307 -390 -329
1308 -391 -328
1309 -392 -327
1310 -393 -326
1311 -394 -324
1312 -395 -323
1313 -396 -322
1314 -397 -321
1315 -398 -320
1316 -399 -318
1317 -400 -317
1318 -401 -316
1319 -402 -315
1320 -403 -313
1321 -404 -312
1322 -405 -311
1323 -406 -310
1324 -407 -308
1325 -408 -307
1326 -409 -306
1327 -410 -305
1328 -411 -303
1329 -412 -302
1330 -413 -301
1331 -413 -300
1332 -414 -298
1333 -415 -297
1334 -416 -296
1335 -417 -294
1336 -418 -293
1337 -419 -292
1338 -420 -291
1339 -421 -289
1340 -422 -288
1341 -423 -287
1342 -423 -285
1343 -424 -284
1344 -425 -283
1345 -426 -281
1346 -427 -280
1347 -428 -279
1348 -429 -278
1349 -429 -276
1350 -430 -275
1351 -431 -274
1352 -432 -272
1353 -433 -271
1354 -434 -270
1355 -434 -268
1356 -435 -267
1357 -436 -266
1358 -437 -264
1359 -438 -263
1360 -439 -262
1361 -439 -260
1362 -440 -259
1363 -441 -257
1364 -442 -256
1365 -443 -255
1366 -443 -253
1367 -444 -252
1368 -445 -251
1369 -446 -249
1370 -446 -248
1371 -447 -247
1372 -448 -245
1373 -449 -244
1374 -449 -242
1375 -450 -241
1376 -451 -240
1377 -452 -238
1378 -452 -237
1379 -453 -235
1380 -454 -234
1381 -455 -233
1382 -455 -231
1383 -456 -230
1384 -457 -228
1385 -457 -227
1386 -458 -226
1387 -459 -224
1388 -459 -223
1389 -460 -221
1390 -461 -220
1391 -462 -219
1392 -462 -217
1393 -463 -216
1394 -464 -214
1395 -464 -213
1396 -465 -211
1397 -465 -210
1398 -466 -209
1399 -467 -207
1400 -467 -206
1401 -468 -204
1402 -469 -203
1403 -469 -201
1404 -470 -200
1405 -471 -199
1406 -471 -197
1407 -472 -196
1408 -472 -194
1409 -473 -193
1410 -474 -191
1411 -474 -190
1412 -475 -188
1413 -475 -187
1414 -476 -185
1415 -476 -184
1416 -477 -183
1417 -478 -181
1418 -478 -180
1419 -479 -178
1420 -479 -177
1421 -480 -175
1422 -480 -174
1423 -481 -172
1424 -481 -171
1425 -482 -169
1426 -482 -168
1427 -483 -166
1428 -483 -165
1429 -484 -163
1430 -484 -162
1431 -485 -160
1432 -485 -159
1433 -486 -157
1434 -486 -156
1435 -487 -154
1436 -487 -153
1437 -488 -151
1438 -488 -150
1439 -489 -148
1440 -489 -147
1441 -490 -145
1442 -490 -144
1443 -491 -142
1444 -491 -141
1445 -491 -139
1446 -492 -138
1447 -492 -136
1448 -493 -135
1449 -493 -133
1450 -493 -132
1451 -494 -130
1452 -494 -129
1453 -495 -127
1454 -495 -126
1455 -495 -124
1456 -496 -123
1457 -496 -121
1458 -497 -120
1459 -497 -118
1460 -497 -117
1461 -498 -115
1462 -498 -113
1463 -498 -112
1464 -499 -110
1465 -499 -109
1466 -499 -107
1467 -500 -106
1468 -500 -104
1469 -500 -103
1470 -501 -101
1471 -501 -100
1472 -501 -98
1473 -502 -97
1474 -502 -95
1475 -502 -93
1476 -502 -92
1477 -503 -90
1478 -503 -89
1479 -503 -87
1480 -504 -86
1481 -504 -84
1482 -504 -83
1483 -504 -81
1484 -505 -80
1485 -505 -78
1486 -505 -76
1487 -505 -75
1488 -506 -73
1489 -506 -72
1490 -506 -70
1491 -506 -69
1492 -506 -67
1493 -507 -66
1494 -507 -64
1495 -507 -62
1496 -507 -61
1497 -507 -59
1498 -508 -58
1499 -508 -56
1500 -508 -55
1501 -508 -53
1502 -508 -52
1503 -508 -50
1504 -509 -48
1505 -509 -47
1506 -509 -45
1507 -509 -44
1508 -509 -42
1509 -509 -41
1510 -509 -39
1511 -510 -37
1512 -510 -36
1513 -510 -34
1514 -510 -33
1515 -510 -31
1516 -510 -30
1517 -510 -28
1518 -510 -26
1519 -510 -25
1520 -510 -23
1521 -510 -22
1522 -511 -20
1523 -511 -19
1524 -511 -17
1525 -511 -15
1526 -511 -14
1527 -511 -12
1528 -511 -11
1529 -511 -9
1530 -511 -8
1531 -511 -6
1532 -511 -4
1533 -511 -3
1534 -511 -1
1535 -511 0
1536 -511 1
1537 -511 2
1538 -511 4
1539 -511 5
1540 -511 7
1541 -511 9
1542 -511 10
1543 -511 12
1544 -511 13
1545 -511 15
1546 -511 16
1547 -511 18
1548 -511 20
1549 -511 21
1550 -510 23
1551 -510 24
1552 -510 26
1553 -510 27
1554 -510 29
1555 -510 31
1556 -510 32
1557 -510 34
1558 -510 35
1559 -510 37
1560 -510 38
1561 -509 40
1562 -509 42
1563 -509 43
1564 -509 45
1565 -509 46
1566 -509 48
1567 -509 49
1568 -508 51
1569 -508 53
1570 -508 54
1571 -508 56
1572 -508 57
1573 -508 59
1574 -507 60
1575 -507 62
1576 -507 63
1577 -507 65
1578 -507 67
1579 -506 68
1580 -506 70
1581 -506 71
1582 -506 73
1583 -506 74
1584 -505 76
1585 -505 77
1586 -505 79
1587 -505 81
1588 -504 82
1589 -504 84
1590 -504 85
1591 -504 87
1592 -503 88
1593 -503 90
1594 -503 91
1595 -502 93
1596 -502 94
1597 -502 96
1598 -502 98
1599 -501 99
1600 -501 101
1601 -501 102
1602 -500 104
1603 -500 105
1604 -500 107
1605 -499 108
1606 -499 110
1607 -499 111
1608 -498 113
1609 -498 114
1610 -498 116
1611 -497 118
1612 -497 119
1613 -497 121
1614 -496 122
1615 -496 124
1616 -495 125
1617 -495 127
1618 -495 128
1619 -494 130
1620 -494 131
1621 -493 133
1622 -493 134
1623 -493 136
1624 -492 137
1625 -492 139
1626 -491 140
1627 -491 142
1628 -491 143
1629 -490 145
1630 -490 146
1631 -489 148
1632 -489 149
1633 -488 151
1634 -488 152
1635 -487 154
1636 -487 155
1637 -486 157
1638 -486 158
1639 -485 160
1640 -485 161
1641 -484 163
1642 -484 164
1643 -483 166
1644 -483 167
1645 -482 169
1646 -482 170
1647 -481 172
1648 -481 173
1649 -480 175
1650 -480 176
1651 -479 178
1652 -479 179
1653 -478 181
1654 -478 182
1655 -477 184
1656 -476 185
1657 -476 186
1658 -475 188
1659 -475 189
1660 -474 191
1661 -474 192
1662 -473 194
1663 -472 195
1664 -472 197
1665 -471 198
1666 -471 200
1667 -470 201
1668 -469 202
1669 -469 204
1670 -468 205
1671 -467 207
1672 -467 208
1673 -466 210
1674 -465 211
1675 -465 212
1676 -464 214
1677 -464 215
1678 -463 217
1679 -462 218
1680 -462 220
1681 -461 221
1682 -460 222
1683 -459 224
1684 -459 225
1685 -458 227
1686 -457 228
1687 -457 229
1688 -456 231
1689 -455 232
1690 -455 234
1691 -454 235
1692 -453 236
1693 -452 238
1694 -452 239
1695 -451 241
1696 -450 242
1697 -449 243
1698 -449 245
1699 -448 246
1700 -447 248
1701 -446 249
1702 -446 250
1703 -445 252
1704 -444 253
1705 -443 254
1706 -443 256
1707 -442 257
1708 -441 258
1709 -440 260
1710 -439 261
1711 -439 263
1712 -438 264
1713 -437 265
1714 -436 267
1715 -435 268
1716 -434 269
1717 -434 271
1718 -433 272
1719 -432 273
1720 -431 275
1721 -430 276
1722 -429 277
1723 -429 279
1724 -428 280
1725 -427 281
1726 -426 282
1727 -425 284
1728 -424 285
1729 -423 286
1730 -423 288
1731 -422 289
1732 -421 290
1733 -420 292
1734 -419 293
1735 -418 294
1736 -417 295
1737 -416 297
1738 -415 298
1739 -414 299
1740 -413 301
1741 -413 302
1742 -412 303
1743 -411 304
1744 -410 306
1745 -409 307
1746 -408 308
1747 -407 309
1748 -406 311
1749 -405 312
1750 -404 313
1751 -403 314
1752 -402 316
1753 -401 317
1754 -400 318
1755 -399 319
1756 -398 321
1757 -397 322
1758 -396 323
1759 -395 324
1760 -394 325
1761 -393 327
1762 -392 328
1763 -391 329
1764 -390 330
1765 -389 331
1766 -388 333
1767 -387 334
1768 -386 335
1769 -385 336
1770 -384 337
1771 -383 339
1772 -382 340
1773 -381 341
1774 -380 342
1775 -379 343
1776 -378 344
1777 -377 346
1778 -376 347
1779 -375 348
1780 -374 349
1781 -373 350
1782 -371 351
1783 -370 352
1784 -369 354
1785 -368 355
1786 -367 356
1787 -366 357
1788 -365 358
1789 -364 359
1790 -363 360
1791 -362 361
1792 -360 363
1793 -359 364
1794 -358 365
1795 -357 366
1796 -356 367
1797 -355 368
1798 -354 369
1799 -353 370
1800 -351 371
1801 -350 372
1802 -349 374
1803 -348 375
1804 -347 376
1805 -346 377
1806 -345 378
1807 -343 379
1808 -342 380
1809 -341 381
1810 -340 382
1811 -339 383
1812 -338 384
1813 -336 385
1814 -335 386
1815 -334 387
1816 -333 388
1817 -332 389
1818 -330 390
1819 -329 391
1820 -328 392
1821 -327 393
1822 -326 394
1823 -324 395
1824 -323 396
1825 -322 397
1826 -321 398
1827 -320 399
1828 -318 400
1829 -317 401
1830 -316 402
1831 -315 403
1832 -313 404
1833 -312 405
1834 -311 406
1835 -310 407
1836 -308 408
1837 -307 409
1838 -306 410
1839 -305 411
1840 -303 412
1841 -302 413
1842 -301 414
1843 -300 414
1844 -298 415
1845 -297 416
1846 -296 417
1847 -294 418
1848 -293 419
1849 -292 420
1850 -291 421
1851 -289 422
1852 -288 423
1853 -287 424
1854 -285 424
1855 -284 425
1856 -283 426
1857 -281 427
1858 -280 428
1859 -279 429
1860 -278 430
1861 -276 430
1862 -275 431
1863 -274 432
1864 -272 433
1865 -271 434
1866 -270 435
1867 -268 435
1868 -267 436
1869 -266 437
1870 -264 438
1871 -263 439
1872 -262 440
1873 -260 440
1874 -259 441
1875 -257 442
1876 -256 443
1877 -255 444
1878 -253 444
1879 -252 445
1880 -251 446
1881 -249 447
1882 -248 447
1883 -247 448
1884 -245 449
1885 -244 450
1886 -242 450
1887 -241 451
1888 -240 452
1889 -238 453
1890 -237 453
1891 -235 454
1892 -234 455
1893 -233 456
1894 -231 456
1895 -230 457
1896 -228 458
1897 -227 458
1898 -226 459
1899 -224 460
1900 -223 460
1901 -221 461
1902 -220 462
1903 -219 463
1904 -217 463
1905 -216 464
1906 -214 465
1907 -213 465
1908 -211 466
1909 -210 466
1910 -209 467
1911 -207 468
1912 -206 468
1913 -204 469
1914 -203 470
1915 -201 470
1916 -200 471
1917 -199 472
1918 -197 472
1919 -196 473
1920 -194 473
1921 -193 474
1922 -191 475
1923 -190 475
1924 -188 476
1925 -187 476
1926 -185 477
1927 -184 477
1928 -183 478
1929 -181 479
1930 -180 479
1931 -178 480
1932 -177 480
1933 -175 481
1934 -174 481
1935 -172 482
1936 -171 482
1937 -169 483
1938 -168 483
1939 -166 484
1940 -165 484
1941 -163 485
1942 -162 485
1943 -160 486
1944 -159 486
1945 -157 487
1946 -156 487
1947 -154 488
1948 -153 488
1949 -151 489
1950 -150 489
1951 -148 490
1952 -147 490
1953 -145 491
1954 -144 491
1955 -142 492
1956 -141 492
1957 -139 492
1958 -138 493
1959 -136 493
1960 -135 494
1961 -133 494
1962 -132 494
1963 -130 495
1964 -129 495
1965 -127 496
1966 -126 496
1967 -124 496
1968 -123 497
1969 -121 497
1970 -120 498
1971 -118 498
1972 -117 498
1973 -115 499
1974 -113 499
1975 -112 499
1976 -110 500
1977 -109 500
1978 -107 500
1979 -106 501
1980 -104 501
1981 -103 501
1982 -101 502
1983 -100 502
1984 -98 502
1985 -97 503
1986 -95 503
1987 -93 503
1988 -92 503
1989 -90 504
1990 -89 504
1991 -87 504
1992 -86 505
1993 -84 505
1994 -83 505
1995 -81 505
1996 -80 506
1997 -78 506
1998 -76 506
1999 -75 506
2000 -73 507
2001 -72 507
2002 -70 507
2003 -69 507
2004 -67 507
2005 -66 508
2006 -64 508
2007 -62 508
2008 -61 508
2009 -59 508
2010 -58 509
2011 -56 509
2012 -55 509
2013 -53 509
2014 -52 509
2015 -50 509
2016 -48 510
2017 -47 510
2018 -45 510
2019 -44 510
2020 -42 510
2021 -41 510
2022 -39 510
2023 -37 511
2024 -36 511
2025 -34 511
2026 -33 511
2027 -31 511
2028 -30 511
2029 -28 511
2030 -26 511
2031 -25 511
2032 -23 511
2033 -22 511
2034 -20 512
2035 -19 512
2036 -17 512
2037 -15 512
2038 -14 512
2039 -12 512
2040 -11 512
2041 -9 512
2042 -8 512
2043 -6 512
2044 -4 512
2045 -3 512
2046 -1 512
2047 0 512
