        895
        877
        912
        873
        918
        904
        856
        891
        885
        888
        842
        872
        895
        864
        912
        888
        840
        872
        862
        828
        876
        887
        888
        851
        881
        902
        853
        894
        886
        866
        901
        882
        885
        855
        881
        878
        826
        863
        869
        873
        869
        910
        861
        913
        888
        835
        904
        857
        895
        903
        888
        893
        889
        895
        879
        891
        905
        906
        848
        890
        893
        881
        901
        890
        894
        824
        871
        873
        906
        906
        886
        898
        882
        888
        908
        865
        906
        852
        886
        872
        905
        870
        907
        861
        888
        855
        917
        886
        883
        910
        890
        885
        851
        891
        905
        846
        879
        885
        863
        913
        884
        816
        867
        882
        821
        916
        887
        845
        888
        886
        855
        873
        874
        819
        860
        859
        899
        901
        919
        896
        900
        863
        870
        908
        893
        874
        862
        870
        901
        833
        886
        849
        888
        906
        886
        870
        877
        878
        889
        873
        877
        871
        859
        875
        838
        944
        876
        863
        891
        850
        909
        866
        887
        874
        879
        912
        868
        886
        911
        894
        879
        909
        870
        867
        904
        830
        875
        918
        919
        867
        866
        883
        846
        876
        878
        851
        899
        880
        864
        920
        886
        908
        848
        887
        857
        900
        880
        837
        883
        899
        835
        872
        895
        832
        883
        869
        820
        860
        884
        915
        850
        913
        898
        851
        891
        900
        890
        876
        918
        884
        885
        858
        823
        881
        896
        910
        885
        860
        860
        849
        879
